%TITLE%
 KHUM   240728/1900

   LEVEL       HGHT       TEMP       DWPT       WDIR       WSPD
-------------------------------------------------------------------
%RAW%
 985.96,     264.90,      25.95,      20.36,     189.71,       9.83
 980.31,     315.59,      25.62,      20.41,     186.56,      10.27
 975.05,     363.02,      24.71,      20.20,     176.48,      10.59
 970.41,     405.01,      24.33,      20.13,     179.38,      11.31
 966.17,     443.46,      23.97,      20.07,     175.74,      11.37
 962.09,     480.58,      23.53,      19.98,     174.93,      10.49
 958.00,     517.83,      23.23,      19.85,     175.82,       9.84
 953.81,     556.26,      22.78,      19.81,     174.70,       9.25
 949.46,     596.19,      22.38,      19.77,     169.83,       9.45
 944.84,     638.72,      22.02,      19.66,     165.73,      10.84
 939.76,     685.66,      21.53,      19.54,     168.81,      11.10
 934.64,     733.24,      21.05,      19.47,     164.86,      11.78
 929.97,     776.67,      20.76,      19.54,     165.25,      12.39
 925.56,     817.93,      20.28,      19.33,     171.99,      12.56
 921.61,     855.02,      19.89,      19.33,     174.00,      13.61
 918.38,     885.40,      19.69,      19.19,     178.90,      15.13
 915.57,     911.88,      19.44,      18.96,     182.91,      15.64
 913.04,     935.83,      19.42,      18.85,     183.67,      15.74
 910.69,     958.10,      19.33,      18.61,     185.49,      15.69
 908.69,     977.07,      19.44,      18.13,     188.12,      15.56
 906.84,     994.70,      19.49,      17.81,     189.91,      15.34
 905.05,    1011.78,      19.66,      17.62,     191.58,      15.22
 903.09,    1030.50,      19.65,      17.50,     193.03,      16.33
 900.63,    1054.05,      19.52,      17.31,     193.57,      17.33
 897.62,    1082.98,      19.33,      16.71,     193.73,      18.27
 894.46,    1113.39,      19.16,      16.44,     193.31,      18.92
 891.32,    1143.74,      18.90,      16.37,     193.49,      18.08
 888.14,    1174.45,      18.66,      16.27,     196.01,      17.78
 885.16,    1203.40,      18.24,      16.34,     199.04,      17.78
 882.68,    1227.51,      18.07,      16.20,     201.83,      17.91
 880.95,    1244.38,      18.15,      15.83,     203.69,      18.25
 879.37,    1259.81,      18.52,      15.61,     203.76,      17.84
 877.59,    1277.22,      18.37,      15.59,     204.80,      17.72
 875.60,    1296.71,      18.22,      15.45,     205.72,      17.93
 873.46,    1317.80,      18.11,      15.18,     206.34,      18.41
 871.19,    1340.08,      17.99,      15.22,     206.72,      18.60
 868.87,    1363.02,      17.76,      15.21,     206.56,      18.77
 866.44,    1387.01,      17.53,      15.09,     206.79,      18.79
 863.97,    1411.49,      17.36,      15.03,     207.12,      18.52
 861.47,    1436.27,      17.22,      14.79,     207.66,      18.50
 858.99,    1460.95,      17.04,      14.68,     207.38,      18.43
 856.55,    1485.36,      16.87,      14.58,     207.17,      18.55
 854.13,    1509.55,      16.67,      14.42,     207.76,      18.95
 851.69,    1533.93,      16.43,      14.20,     209.08,      19.17
 849.24,    1558.58,      16.49,      14.26,     211.04,      19.24
 846.72,    1583.88,      16.60,      13.77,     212.58,      19.05
 844.18,    1609.54,      16.51,      13.58,     214.13,      18.94
 841.71,    1634.59,      16.30,      13.51,     215.07,      19.03
 839.39,    1658.11,      16.18,      13.53,     215.85,      18.97
 837.10,    1681.38,      16.14,      13.30,     217.05,      19.17
 834.83,    1704.60,      16.05,      13.10,     217.18,      19.09
 832.56,    1727.74,      15.96,      12.94,     217.42,      18.75
 830.30,    1750.91,      15.75,      12.88,     217.68,      18.45
 828.06,    1773.90,      15.58,      12.91,     217.38,      18.47
 825.84,    1796.77,      15.48,      12.61,     216.59,      18.65
 823.61,    1819.71,      15.33,      12.46,     215.81,      19.03
 821.30,    1843.60,      15.17,      12.36,     214.52,      19.70
 818.93,    1868.18,      15.01,      12.54,     214.19,      19.90
 816.54,    1893.00,      14.79,      12.41,     213.92,      20.08
 814.16,    1917.69,      14.67,      12.14,     213.47,      20.38
 811.76,    1942.78,      14.56,      11.90,     213.34,      20.67
 809.26,    1968.89,      14.40,      11.75,     212.63,      21.05
 806.76,    1995.05,      14.21,      11.59,     212.52,      21.25
 804.32,    2020.71,      14.17,      11.27,     213.04,      21.26
 801.90,    2046.25,      14.03,      11.19,     213.80,      21.13
 799.49,    2071.68,      13.81,      11.14,     214.70,      21.09
 797.10,    2096.93,      13.65,      11.04,     215.92,      21.31
 794.77,    2121.69,      13.46,      11.01,     216.65,      21.57
 792.52,    2145.64,      13.30,      10.85,     216.88,      22.05
 790.33,    2168.95,      13.22,      10.73,     216.72,      22.49
 788.11,    2192.70,      13.20,      10.47,     215.82,      22.81
 785.87,    2216.74,      13.24,      10.20,     214.86,      23.02
 783.63,    2240.74,      13.06,       9.94,     213.82,      23.04
 781.45,    2264.26,      12.86,       9.88,     212.81,      22.91
 779.29,    2287.57,      12.80,       9.06,     212.27,      22.49
 777.15,    2310.70,      12.77,       8.44,     211.44,      22.11
 775.05,    2333.45,      12.61,       8.12,     210.48,      21.64
 773.01,    2355.61,      12.44,       8.29,     209.43,      21.08
 771.01,    2377.32,      12.39,       8.08,     208.01,      20.72
 769.06,    2398.58,      12.26,       8.08,     206.47,      20.28
 767.20,    2418.91,      12.06,       8.06,     204.88,      20.21
 765.42,    2438.43,      11.91,       7.96,     204.02,      20.30
 763.67,    2457.60,      11.91,       7.98,     202.88,      20.49
 761.94,    2476.67,      11.76,       7.96,     202.74,      20.82
 760.20,    2495.80,      11.74,       7.92,     202.93,      20.63
 758.45,    2515.14,      11.65,       7.84,     202.27,      20.34
 756.61,    2535.54,      11.57,       7.78,     201.80,      19.75
 754.69,    2556.80,      11.43,       8.02,     200.24,      19.22
 752.79,    2577.92,      11.33,       8.25,     198.46,      18.79
 750.99,    2597.88,      11.18,       8.19,     197.08,      18.47
 749.19,    2617.97,      11.36,       7.21,     195.90,      18.38
 747.31,    2639.06,      11.25,       7.02,     195.47,      18.32
 745.33,    2661.18,      11.08,       6.95,     195.08,      18.42
 743.36,    2683.36,      10.88,       6.95,     194.38,      18.61
 741.44,    2704.94,      10.74,       7.08,     193.72,      18.58
 739.56,    2726.21,      10.69,       7.21,     193.24,      18.70
 737.58,    2748.53,      10.65,       7.07,     193.42,      18.85
 735.50,    2772.14,      10.52,       6.91,     194.31,      18.91
 733.35,    2796.57,      10.45,       6.63,     195.59,      19.29
 731.18,    2821.23,      10.28,       6.62,     196.86,      19.46
 729.02,    2845.89,      10.00,       6.54,     198.26,      19.58
 726.86,    2870.67,       9.85,       6.55,     200.35,      19.76
 724.67,    2895.75,       9.62,       6.62,     202.49,      19.84
 722.41,    2921.74,       9.34,       6.59,     204.57,      19.64
 720.13,    2948.01,       9.37,       5.96,     206.90,      19.41
 717.86,    2974.19,       9.24,       6.04,     208.28,      19.09
 715.58,    3000.62,       9.12,       5.78,     209.00,      18.60
 713.23,    3027.91,       9.02,       6.08,     209.81,      18.26
 710.80,    3056.31,       8.89,       4.96,     208.89,      17.84
 708.26,    3085.92,       8.78,       4.29,     208.19,      17.34
 705.71,    3115.77,       8.59,       3.87,     208.17,      17.05
 703.22,    3145.03,       8.35,       3.76,     207.57,      16.85
 700.73,    3174.43,       8.12,       3.52,     208.30,      16.71
 698.20,    3204.26,       7.83,       3.51,     208.56,      16.61
 695.65,    3234.49,       7.54,       3.42,     208.41,      16.42
 693.07,    3265.12,       7.20,       3.41,     208.23,      16.16
 690.44,    3296.50,       6.92,       3.42,     207.31,      15.72
 687.80,    3328.02,       6.70,       3.29,     205.42,      15.32
 685.23,    3358.83,       6.45,       3.30,     203.75,      15.12
 682.73,    3388.85,       6.30,       3.76,     201.54,      14.95
 680.25,    3418.73,       6.04,       3.97,     200.02,      15.11
 677.81,    3448.22,       5.79,       3.91,     199.33,      15.47
 675.40,    3477.38,       5.65,       3.56,     198.59,      15.74
 673.07,    3505.69,       5.41,       3.86,     199.00,      16.19
 670.84,    3532.86,       5.33,       3.81,     198.88,      16.68
 668.72,    3558.87,       5.11,       3.74,     198.92,      16.99
 666.61,    3584.60,       4.91,       3.46,     199.48,      17.38
 664.57,    3609.71,       4.68,       3.53,     199.49,      17.93
 662.61,    3633.87,       4.46,       3.65,     200.12,      18.36
 660.70,    3657.40,       4.26,       3.57,     201.17,      18.92
 658.80,    3680.90,       4.25,       2.88,     202.03,      19.49
 656.84,    3705.11,       4.04,       3.04,     203.83,      19.68
 654.85,    3729.92,       3.93,       2.17,     205.51,      19.96
 652.94,    3753.67,       3.67,       2.00,     206.75,      20.47
 651.18,    3775.56,       3.54,       1.78,     207.73,      20.62
 649.57,    3795.68,       3.35,       1.42,     208.08,      20.72
 647.98,    3815.64,       3.27,       1.26,     208.12,      20.54
 646.39,    3835.61,       3.26,       0.80,     208.17,      20.14
 644.77,    3855.97,       3.26,       0.64,     208.46,      20.20
 643.14,    3876.47,       3.29,       0.49,     208.56,      20.27
 641.57,    3896.39,       3.10,       0.61,     208.42,      20.79
 640.02,    3915.93,       3.13,       0.52,     208.11,      21.46
 638.47,    3935.62,       3.18,       0.29,     206.99,      21.83
 636.89,    3955.79,       3.10,       0.20,     205.40,      22.01
 635.21,    3977.17,       2.98,       0.13,     203.96,      21.72
 633.48,    3999.32,       2.78,      -0.11,     202.11,      20.89
 631.76,    4021.43,       2.80,      -0.25,     200.74,      19.92
 630.03,    4043.60,       2.66,      -0.25,     199.34,      19.35
 628.31,    4065.68,       2.59,      -0.29,     198.64,      19.18
 626.63,    4087.44,       2.88,      -0.90,     198.78,      19.33
 624.95,    4109.18,       2.97,      -1.05,     199.00,      19.78
 623.25,    4131.31,       2.92,      -0.99,     199.56,      20.23
 621.47,    4154.49,       2.76,      -0.97,     199.09,      20.34
 619.61,    4178.76,       2.61,      -0.80,     196.92,      20.09
 617.64,    4204.50,       2.45,      -0.65,     194.42,      19.69
 615.62,    4231.09,       2.19,      -0.69,     191.75,      19.13
 613.65,    4257.04,       2.09,      -0.86,     189.99,      18.77
 611.69,    4282.82,       1.90,      -0.91,     190.36,      18.90
 609.75,    4308.43,       1.74,      -0.88,     191.29,      18.80
 607.83,    4333.96,       1.47,      -0.75,     193.02,      19.02
 605.91,    4359.47,       1.21,      -0.74,     194.85,      19.08
 603.98,    4385.14,       1.02,      -0.86,     196.78,      18.81
 602.05,    4410.87,       0.80,      -0.84,     198.05,      18.86
 600.14,    4436.48,       0.62,      -1.29,     199.44,      18.70
 598.24,    4462.01,       0.38,      -1.61,     200.17,      18.68
 596.36,    4487.20,       0.19,      -2.01,     200.36,      18.66
 594.51,    4512.21,      -0.10,      -2.18,     200.48,      18.51
 592.65,    4537.29,      -0.29,      -2.20,     199.49,      18.48
 590.77,    4562.69,      -0.47,      -2.35,     197.77,      18.45
 588.90,    4588.11,      -0.71,      -2.35,     195.77,      18.51
 587.09,    4612.73,      -0.93,      -1.86,     194.62,      18.92
 585.36,    4636.39,      -1.07,      -1.72,     194.03,      19.19
 583.63,    4660.01,      -1.27,      -1.88,     194.21,      19.36
 581.90,    4683.66,      -1.41,      -2.08,     194.48,      19.98
 580.16,    4707.56,      -1.34,      -2.53,     194.58,      20.32
 578.42,    4731.52,      -1.20,      -2.49,     195.72,      20.55
 576.71,    4755.17,      -1.20,      -2.41,     197.04,      20.83
 575.03,    4778.58,      -0.83,      -3.31,     198.36,      21.00
 573.34,    4802.08,      -0.96,      -3.53,     198.90,      21.25
 571.62,    4826.12,      -0.90,      -3.68,     197.28,      21.38
 569.86,    4850.65,      -0.98,      -3.63,     194.21,      21.86
 568.06,    4876.04,      -1.06,      -3.64,     191.46,      21.99
 566.22,    4901.91,      -1.06,      -3.39,     189.08,      22.17
 564.34,    4928.43,      -1.18,      -3.10,     188.23,      22.95
 562.45,    4955.24,      -1.38,      -3.29,     187.80,      23.60
 560.46,    4983.56,      -1.24,      -4.43,     187.76,      24.27
 558.44,    5012.36,      -1.34,      -4.56,     187.82,      25.22
 556.47,    5040.55,      -1.54,      -4.52,     186.76,      25.67
 554.49,    5068.92,      -1.73,      -4.55,     185.52,      26.48
 552.55,    5096.88,      -1.86,      -4.64,     183.99,      27.70
 550.58,    5125.31,      -1.96,      -5.05,     182.61,      28.77
 548.68,    5152.79,      -1.87,      -5.30,     181.56,      29.93
 546.80,    5180.19,      -1.86,      -5.52,     180.94,      30.77
 544.86,    5208.49,      -2.01,      -5.56,     180.10,      31.22
 542.94,    5236.51,      -2.23,      -5.61,     179.30,      31.56
 541.06,    5264.08,      -2.35,      -5.74,     179.04,      32.36
 539.17,    5291.90,      -2.44,      -6.34,     179.32,      32.82
 537.26,    5320.04,      -2.54,      -6.52,     180.08,      33.82
 535.28,    5349.42,      -2.58,      -6.89,     180.49,      34.95
 533.25,    5379.51,      -2.77,      -6.97,     180.42,      35.63
 531.20,    5410.21,      -2.83,      -7.19,     179.83,      36.14
 529.15,    5440.75,      -3.00,      -7.22,     178.91,      36.02
 527.10,    5471.63,      -3.34,      -7.32,     177.99,      35.73
 525.05,    5502.37,      -3.59,      -7.49,     177.20,      35.63
 523.05,    5532.64,      -3.85,      -7.57,     176.79,      35.57
 521.09,    5562.20,      -4.08,      -7.52,     176.42,      35.26
 519.12,    5592.13,      -4.38,      -7.59,     176.97,      35.68
 517.01,    5624.24,      -4.68,      -7.40,     176.59,      35.03
 514.79,    5658.11,      -5.02,      -7.57,     175.56,      34.56
 512.64,    5691.07,      -5.35,      -7.61,     175.03,      34.49
 510.59,    5722.41,      -5.54,      -7.38,     172.79,      33.93
 508.59,    5753.28,      -5.74,      -7.17,     171.55,      33.58
 506.63,    5783.60,      -6.09,      -7.53,     170.77,      32.99
 504.78,    5812.27,      -6.36,      -7.29,     169.42,      32.69
 503.14,    5837.78,      -6.45,      -7.22,     168.86,      32.26
 501.59,    5861.87,      -6.55,      -7.31,     168.87,      32.53
 500.05,    5885.93,      -6.77,      -7.26,     169.01,      32.86
 498.53,    5909.67,      -6.90,      -7.78,     169.09,      32.99
 497.04,    5933.03,      -6.96,      -8.20,     169.44,      33.21
 495.57,    5956.27,      -7.07,      -8.59,     169.46,      33.24
 494.07,    5979.88,      -7.24,      -9.21,     169.42,      33.35
 492.57,    6003.53,      -7.28,      -9.16,     169.42,      33.16
 491.09,    6027.11,      -7.60,      -9.13,     169.36,      32.99
 489.62,    6050.37,      -7.73,      -8.68,     169.26,      32.99
 488.20,    6072.98,      -7.83,      -8.91,     169.43,      32.85
 486.82,    6095.02,      -7.99,      -9.36,     170.76,      33.17
 485.43,    6117.33,      -8.03,     -10.93,     172.32,      33.33
 484.03,    6139.79,      -8.05,      -9.45,     174.10,      33.56
 482.67,    6161.70,      -7.93,      -9.62,     175.69,      33.60
 481.31,    6183.64,      -8.14,      -9.51,     176.21,      33.58
 479.95,    6205.59,      -8.22,      -9.42,     176.27,      33.50
 478.59,    6227.58,      -8.12,      -9.65,     176.21,      33.19
 477.25,    6249.38,      -8.09,     -10.30,     176.10,      33.10
 475.90,    6271.46,      -8.26,     -10.40,     176.14,      32.85
 474.54,    6293.65,      -8.33,     -10.36,     176.34,      32.52
 473.16,    6316.32,      -8.49,     -10.65,     176.17,      32.42
 471.72,    6339.91,      -8.55,     -10.83,     175.73,      32.75
 470.26,    6364.11,      -8.78,     -11.19,     175.36,      32.87
 468.79,    6388.39,      -8.80,     -11.55,     175.17,      33.08
 467.34,    6412.39,      -8.85,     -11.68,     175.13,      33.24
 465.87,    6436.66,      -8.93,     -11.89,     175.37,      33.19
 464.38,    6461.48,      -9.20,     -11.95,     175.52,      33.50
 462.83,    6487.35,      -9.49,     -11.96,     175.43,      34.17
 461.24,    6514.06,      -9.75,     -11.94,     175.43,      34.58
 459.60,    6541.50,      -9.86,     -12.02,     175.16,      35.05
 457.97,    6568.98,      -9.90,     -12.29,     174.66,      35.16
 456.35,    6596.27,     -10.09,     -12.43,     174.21,      35.03
 454.74,    6623.51,     -10.30,     -12.68,     173.90,      35.05
 453.16,    6650.33,     -10.45,     -12.68,     173.57,      34.85
 451.59,    6677.16,     -10.65,     -13.02,     173.43,      34.75
 450.01,    6704.09,     -10.80,     -13.20,     173.39,      34.67
 448.46,    6730.66,     -11.06,     -13.41,     173.05,      34.35
 446.92,    6757.04,     -11.27,     -13.58,     172.82,      34.00
 445.39,    6783.38,     -11.44,     -13.78,     172.81,      33.57
 443.87,    6809.67,     -11.59,     -13.84,     172.80,      33.14
 442.37,    6835.48,     -11.82,     -14.07,     172.80,      32.97
 440.90,    6860.98,     -11.98,     -14.23,     172.74,      33.15
 439.44,    6886.48,     -12.21,     -14.08,     172.60,      33.47
 437.96,    6912.19,     -12.46,     -14.48,     172.23,      33.87
 436.50,    6937.65,     -12.63,     -14.40,     172.18,      34.23
 435.05,    6963.10,     -12.86,     -14.36,     172.02,      34.33
 433.62,    6988.20,     -13.10,     -14.50,     171.59,      34.10
 432.19,    7013.50,     -13.22,     -14.67,     171.44,      33.71
 430.77,    7038.60,     -13.43,     -14.83,     171.38,      33.18
 429.37,    7063.27,     -13.64,     -14.89,     171.55,      32.60
 428.04,    7086.93,     -13.83,     -14.96,     171.66,      32.30
 426.74,    7109.94,     -14.03,     -14.88,     171.63,      31.85
 425.43,    7133.43,     -14.26,     -15.15,     171.48,      31.62
 424.07,    7157.60,     -14.48,     -15.25,     171.25,      31.53
 422.71,    7181.96,     -14.62,     -15.36,     171.38,      31.56
 421.37,    7206.09,     -14.75,     -15.78,     171.35,      32.09
 420.01,    7230.47,     -14.92,     -15.75,     171.33,      32.54
 418.69,    7254.38,     -15.18,     -16.05,     171.64,      33.21
 417.35,    7278.53,     -15.31,     -15.98,     172.19,      33.95
 416.03,    7302.60,     -15.55,     -16.14,     172.90,      34.41
 414.71,    7326.46,     -15.59,     -17.01,     173.66,      35.09
 413.42,    7350.10,     -15.20,     -17.18,     174.37,      35.70
 412.11,    7374.01,     -15.31,     -17.62,     174.84,      36.39
 410.81,    7397.90,     -15.13,     -18.35,     175.21,      37.09
 409.49,    7422.21,     -15.03,     -18.56,     175.66,      37.78
 408.17,    7446.73,     -15.12,     -18.91,     176.05,      38.41
 406.78,    7472.40,     -15.31,     -19.20,     176.39,      38.85
 405.37,    7498.74,     -15.41,     -19.15,     176.92,      39.14
 403.93,    7525.57,     -15.62,     -19.39,     177.20,      39.18
 402.49,    7552.61,     -15.81,     -19.54,     177.40,      38.99
 401.01,    7580.30,     -15.98,     -19.85,     177.39,      38.84
 399.21,    7614.15,     -16.20,     -19.68,     177.22,      38.74
 397.73,    7642.18,     -16.38,     -20.18,     177.41,      38.87
 396.23,    7670.50,     -16.57,     -20.43,     177.26,      39.24
 394.80,    7697.83,     -16.69,     -20.72,     177.32,      39.67
 393.34,    7725.56,     -16.88,     -20.70,     177.56,      39.96
 391.91,    7752.88,     -17.18,     -21.04,     177.66,      40.19
 390.57,    7778.61,     -17.36,     -20.79,     177.90,      40.45
 389.25,    7803.94,     -17.54,     -21.26,     178.56,      40.52
 387.97,    7828.68,     -17.66,     -20.97,     178.98,      40.74
 386.60,    7855.20,     -17.81,     -21.61,     179.46,      40.76
 385.28,    7880.73,     -17.93,     -21.86,     179.98,      40.70
 384.01,    7905.46,     -18.11,     -21.96,     179.97,      40.47
 382.76,    7929.80,     -18.27,     -22.21,     179.60,      40.32
 381.41,    7956.12,     -18.44,     -22.11,     179.15,      40.21
 380.11,    7981.65,     -18.49,     -22.81,     179.04,      39.89
 378.86,    8006.14,     -18.60,     -23.00,     178.98,      39.79
 377.59,    8031.14,     -18.81,     -22.55,     178.97,      39.50
 376.31,    8056.44,     -19.03,     -22.99,     178.78,      39.17
 375.00,    8082.37,     -19.22,     -22.95,     177.99,      39.06
 373.69,    8108.50,     -19.27,     -23.70,     176.77,      38.88
 372.37,    8134.82,     -19.52,     -23.86,     176.20,      39.13
 371.14,    8159.35,     -19.67,     -23.99,     175.70,      39.49
 369.91,    8184.08,     -19.80,     -24.08,     175.51,      39.93
 368.68,    8208.81,     -19.86,     -24.21,     175.74,      40.62
 367.43,    8233.94,     -20.05,     -24.37,     175.58,      41.13
 366.18,    8259.27,     -20.30,     -24.50,     175.63,      41.53
 364.92,    8284.79,     -20.35,     -24.49,     175.24,      41.89
 363.72,    8309.12,     -20.62,     -24.36,     174.71,      42.07
 362.47,    8334.65,     -20.77,     -24.91,     174.51,      42.21
 361.24,    8359.78,     -20.90,     -25.53,     174.20,      42.28
 360.07,    8383.71,     -21.11,     -25.56,     174.39,      42.07
 358.86,    8408.43,     -21.33,     -25.56,     174.69,      42.10
 357.64,    8433.51,     -21.57,     -25.83,     174.55,      42.04
 356.31,    8461.08,     -21.73,     -26.67,     174.29,      42.30
 355.01,    8488.00,     -21.84,     -27.28,     173.87,      42.78
 353.67,    8515.72,     -22.06,     -27.05,     173.45,      43.05
 352.44,    8541.44,     -22.25,     -27.88,     173.24,      43.33
 351.18,    8567.76,     -22.52,     -27.87,     172.95,      43.54
 349.91,    8594.36,     -22.64,     -27.58,     172.87,      43.60
 348.63,    8621.16,     -22.93,     -27.62,     172.95,      43.82
 347.35,    8648.09,     -23.21,     -27.41,     172.91,      44.24
 346.02,    8676.24,     -23.46,     -27.91,     172.81,      44.73
 344.75,    8703.16,     -23.59,     -28.15,     172.84,      45.09
 343.42,    8731.27,     -23.85,     -28.40,     172.55,      45.34
 342.13,    8758.79,     -24.11,     -28.12,     172.35,      45.30
 340.85,    8786.11,     -24.39,     -28.40,     172.32,      45.20
 339.58,    8813.36,     -24.61,     -28.61,     171.99,      45.17
 338.37,    8839.34,     -24.90,     -28.79,     171.48,      45.04
 337.03,    8868.06,     -25.18,     -28.89,     170.73,      44.79
 335.68,    8897.17,     -25.69,     -28.75,     171.49,      44.43
 333.55,    8943.42,     -26.01,     -28.72,     171.92,      44.25
 331.80,    8981.31,     -26.30,     -28.87,     172.61,      44.36
 330.24,    9015.40,     -26.62,     -29.04,     171.82,      43.99
 328.70,    9049.09,     -26.89,     -28.76,     171.48,      44.25
 327.20,    9082.19,     -27.24,     -28.87,     170.92,      44.11
 325.67,    9115.89,     -27.61,     -29.10,     170.14,      43.94
 324.32,    9145.79,     -27.87,     -28.96,     169.71,      43.77
 323.10,    9172.71,     -28.04,     -28.98,     168.94,      43.51
 321.82,    9201.22,     -28.31,     -29.32,     168.44,      43.47
 320.50,    9230.72,     -28.58,     -29.33,     168.41,      43.47
 319.29,    9257.84,     -28.80,     -29.57,     168.03,      43.59
 318.09,    9284.75,     -29.02,     -30.22,     167.98,      43.60
 317.03,    9308.67,     -29.11,     -30.21,     168.28,      43.72
 315.91,    9333.79,     -29.26,     -30.53,     168.41,      44.04
 314.81,    9358.91,     -29.38,     -31.05,     168.99,      44.37
 313.77,    9382.44,     -29.43,     -31.82,     169.32,      44.81
 312.73,    9406.01,     -29.58,     -32.53,     169.54,      44.92
 311.72,    9429.28,     -29.73,     -32.19,     169.50,      44.82
 310.74,    9451.61,     -29.91,     -32.72,     169.17,      44.63
 309.75,    9474.34,     -30.06,     -32.75,     168.91,      44.27
 308.79,    9496.51,     -30.22,     -33.12,     168.32,      43.94
 307.85,    9518.19,     -30.30,     -32.88,     168.14,      43.67
 306.98,    9538.13,     -30.38,     -33.97,     167.82,      43.29
 306.08,    9559.06,     -30.45,     -34.16,     167.71,      43.25
 305.15,    9580.62,     -30.60,     -33.77,     167.95,      43.45
 304.31,    9600.32,     -30.73,     -34.89,     167.69,      43.42
 303.38,    9622.05,     -30.85,     -34.90,     167.57,      43.54
 302.43,    9644.18,     -31.06,     -35.47,     167.41,      43.39
 301.49,    9666.30,     -31.21,     -35.15,     167.18,      42.91
 300.53,    9689.03,     -31.31,     -35.96,     167.39,      42.76
 299.58,    9711.35,     -31.46,     -36.13,     167.69,      42.55
 298.55,    9735.67,     -31.65,     -36.76,     167.67,      42.33
 297.58,    9758.80,     -31.87,     -37.12,     167.86,      42.41
 296.54,    9783.51,     -32.11,     -37.48,     167.64,      42.38
 295.50,    9808.23,     -32.27,     -38.03,     167.54,      42.36
 294.56,    9830.75,     -32.51,     -37.72,     167.58,      42.47
 293.57,    9854.47,     -32.72,     -37.91,     167.64,      42.51
 292.55,    9878.79,     -32.97,     -38.35,     167.97,      42.31
 291.44,    9905.70,     -33.21,     -38.99,     168.24,      42.24
 290.37,    9931.41,     -33.43,     -39.37,     168.74,      41.91
 289.28,    9957.75,     -33.70,     -39.77,     169.10,      41.94
 288.25,    9982.79,     -33.99,     -40.11,     169.28,      42.33
 287.09,   10011.10,     -34.17,     -40.77,     169.75,      43.30
 285.88,   10040.44,     -34.38,     -41.07,     170.52,      44.92
 284.69,   10069.57,     -34.65,     -41.23,     171.26,      46.19
 283.58,   10096.94,     -34.82,     -42.27,     172.02,      47.28
 282.47,   10124.32,     -34.98,     -42.73,     172.53,      47.78
 281.36,   10151.69,     -35.15,     -43.19,     172.53,      47.78
 280.26,   10179.07,     -35.32,     -43.67,     172.57,      47.91
 279.16,   10206.44,     -35.48,     -43.95,     172.55,      48.15
 278.06,   10233.77,     -35.72,     -44.17,     172.91,      48.39
 276.84,   10264.40,     -35.98,     -44.40,     173.10,      48.65
 275.67,   10293.76,     -36.25,     -45.10,     173.42,      48.98
 274.53,   10322.42,     -36.52,     -45.51,     173.45,      49.29
 273.39,   10351.35,     -36.83,     -45.69,     173.30,      49.66
 272.18,   10381.96,     -37.08,     -45.54,     173.05,      50.02
 270.97,   10412.74,     -37.36,     -45.98,     172.63,      50.15
 269.80,   10442.63,     -37.65,     -45.97,     172.53,      50.36
%END%
